%YAML:1.0
---
CamMat: !!opencv-matrix
   rows: 3
   cols: 3
   dt: d
   data: [ 6.0417650140384831e+02, 0., 3.1339481798516056e+02, 0.,
       6.0193919190783981e+02, 2.4218865941644140e+02, 0., 0., 1. ]
DistortionMat: !!opencv-matrix
   rows: 1
   cols: 5
   dt: d
   data: [ -5.0636920936967267e-01, 5.7110073045311638e-01,
       -1.2381527447960748e-03, 4.7040212184610924e-04,
       -5.9289683848989383e-01 ]
