%YAML:1.0
---
properties: !!opencv-matrix
   rows: 4
   cols: 1
   dt: d
   data: [ 364., 1., 40., 40. ]
perspect_matrix: !!opencv-matrix
   rows: 3
   cols: 3
   dt: d
   data: [ 7.0517700955811291e-01, 8.3325073339470812e-02,
       -5.1106044981541899e+01, -2.3723806992874888e-01,
       7.8109515476540936e-01, 1.3956760415808370e+01,
       -7.2809485121511444e-04, 6.2822215019344739e-05,
       9.9999999999999989e-01 ]
